368.09730811603646,982.9953492954371
358.7772982618335,971.3256871636374
346.61157926846937,962.6198462091968
332.8021014072234,956.7822457025759
318.2293762874557,953.326862140093
303.31820079687463,951.7469178977539
288.3259340120479,951.6669613458216
273.45460418315275,952.6873833406715
267.2677685306855,939.0243122175335
259.8292959538521,926.013504910469
250.94712839126586,913.9306457519531
240.44214156102387,903.2277417182922
228.22647128831593,894.5766949653625
214.41177568103012,888.8335724651813
199.58042782690646,886.8770786717533
184.80027040876737,889.0853078663349
171.07321332783576,895.0343996241688
158.95360289344387,903.8426356136798
148.5640598032827,914.636325341463
139.77630657531444,926.7861617401242
132.4196973935334,939.8434552598744
125.81125462796336,952.6906850090159
110.88516552614745,951.2885527426988
95.89579771650169,951.3059093170083
81.0062244804736,953.0494337564251
66.52223991211649,956.8998455366451
52.96694028881611,963.2792696367338
41.18414443727816,972.4962434205663
32.2233525175674,984.4527475413194
26.90093834350118,998.4317290769627
25.342846540939355,1013.3071486825702
27.038993468123955,1028.1986855897267
31.293810854572804,1042.5688951328164
37.49309339476586,1056.205850744542
45.1858828631217,1069.0760255769944
52.19595175924042,1081.215926049496
43.756141965255665,1093.6054956515338
36.4156657122061,1106.6688186789086
30.49580001685536,1120.462006496635
26.49966072159441,1134.896692876519
25.084354429018276,1149.8078091621185
27.05471908723703,1164.6295863393898
32.99648041428736,1178.3532777803161
42.66456954315072,1189.7497782421735
55.00855750996689,1198.2009873151053
68.88666584715247,1203.8329633293674
83.50626718223793,1207.1030763042713
98.4415701211301,1208.4815400757586
113.43275326680578,1208.3416383076913
127.21191096029057,1208.9426803987476
133.53576347285414,1222.5384442090988
141.13523323182017,1235.4605051994324
150.1947661708234,1247.4032161038372
160.89002658364439,1257.8984651517126
173.31162145135445,1266.2627809446308
187.28671723846637,1271.6047640025618
202.17518056502922,1273.0783143684268
216.87116097641737,1270.3984074398877
230.44334574089407,1264.0583721444011
242.34587908714605,1254.986517156288
252.53685876939272,1244.0106911838056
261.1492359544949,1231.735186503455
268.3546637716948,1218.586978600547
275.9282780594817,1207.5384276822297
290.86364696178185,1208.7878013530917
305.8551599020882,1208.5859782295888
320.7229387145178,1206.6155669638179
335.1174121287835,1202.4944487967343
348.52021660793014,1195.7909656887944
360.0199912094962,1186.2407440834418
368.59319973485685,1173.9766998779291
373.4514447558074,1159.8342150086974
374.580415608359,1144.9204789119115
372.53452681232716,1130.074734876293
368.01399059008105,1115.798854563036
361.6057322437895,1102.251815164754
353.74470874205144,1089.467605643749
348.717211334221,1077.3711100709625
356.99299807036004,1064.868533799851
364.1740302687365,1051.700898913703
369.9256566229491,1037.8598932410869
373.7607399822201,1023.3758071885587
374.96716142892836,1008.4401984632015
372.6740463186085,993.6621797620246
339.2955314532107,999.5922735348327
329.64316318845385,988.2166098969057
316.8842315239497,980.4519885662681
302.5978490464666,975.9145170469216
287.7592086010112,973.8644856920885
272.7731013308279,973.6860616484657
259.7088056678749,971.7327086567877
253.10119074972752,958.2878506183624
244.87870813574008,945.7520739674568
234.77914813968815,934.681883430481
222.6309346849477,925.9663685321808
208.58593212241828,920.8332470417023
193.66814239950324,920.4650036334992
179.42362459215508,924.955677843094
166.96147187051207,933.2398950695992
156.57538441492176,944.0243708729744
148.09153704494236,956.3919464111328
141.26492595447453,969.728354370594
129.54997633105376,973.548810952995
114.55701332204497,973.3051532550999
99.68334266095809,975.1259755694942
85.38850625181783,979.5633347022158
72.53520936611474,987.2070623017571
62.510076362679484,998.280057825752
56.68140883566811,1012.026055175811
55.36797987674089,1026.9207089765887
57.82929330027526,1041.6825874665096
63.088528970349564,1055.7219912298024
70.35246010914706,1068.8222894465666
77.53325692598007,1081.030108919053
69.19097066483644,1093.4933002021307
62.25556842684745,1106.7862452208997
57.2817207306305,1120.9122539148711
55.10631522943293,1135.7273485904866
56.8588524018285,1150.568013983674
63.36663118293998,1163.9912540205614
74.07973572464397,1174.3743296485904
87.39531530414405,1181.2329363154745
101.86758470657676,1185.0337200307667
116.78402553612085,1186.482331964225
131.78269268815637,1186.1235271114042
142.19643641867702,1192.3236339539292
149.25444801174163,1205.5405894756318
158.00535820204786,1217.7115333437919
168.696829575393,1228.1896516680717
181.47342229598544,1235.9974585413934
195.91113675155322,1239.8046538233757
210.80095546920492,1238.6753104686738
224.58734238780272,1232.9196164011955
236.43214463620424,1223.772553241253
246.22764935670128,1212.4413001537323
254.18774790191856,1199.7452175974847
260.58651207343604,1186.1704075694086
274.9991072711649,1186.7113096884264
289.97931353855654,1186.3930136864933
304.75395544646307,1183.8563833884896
318.7340172997326,1178.5234526083805
330.90237467885015,1169.8574463367463
339.7983527459204,1157.8572004377843
344.2598066709253,1143.6017696382319
344.34966102084525,1128.6488307016218
340.9601799911628,1114.0565202464045
335.0370704732835,1100.291944974661
327.29263511617893,1087.474404892046
325.1154864485375,1075.3328110792093
333.00068512152643,1062.5692054208064
339.3973459298839,1049.012570674416
343.7027688797214,1034.6728562889925
344.962440900167,1019.7521188295141
341.95231458680934,1005.1385071644283
310.3964837581064,1016.1938847377886
300.28914704155176,1005.2769916631048
286.80656292717896,998.8481524554779
272.11424559780863,996.0070351841831
257.1135297236964,995.6858055667719
245.79307362139224,990.8430529735983
238.51118661651273,977.7493146573964
229.01713019968082,966.1829868208456
216.9550128547009,957.35431368571
202.6566730833554,953.1946855418983
187.89172292188522,955.1940353371224
174.92522236068615,962.5708806849043
164.52275203511235,973.342725514427
156.4934215151872,986.0006590621665
148.19871005228597,995.9566570839853
133.22379637632986,995.3331834230107
118.37359880208967,997.2618952035905
104.40819650274607,1002.6268564881269
92.99097196816,1012.2201318243053
86.381826096258,1025.5485870482692
85.40790157506706,1040.4408537594136
88.92064774304562,1054.9877026080103
95.45566322683042,1068.4643238287383
102.8203505182857,1080.7805224768467
94.65424552803577,1093.3596467735554
88.42664330890892,1106.9797300329913
85.17405809785687,1121.5857598280722
86.53177049597724,1136.4333266474307
93.80730000027542,1149.4191923130886
105.79137582102557,1158.2688204408623
120.0015329658985,1162.9520949840544
134.90099605059802,1164.5004348410876
149.8856260783903,1163.8065150346154
157.30571310520173,1175.4952875077724
165.58679347130746,1187.9807745845467
176.28871923983098,1198.4601875208318
189.5281061966736,1205.3309184057985
204.35624626996213,1206.636054852987
218.4747779053112,1201.8493771350259
230.23912010017665,1192.6213268639126
239.46067630131728,1180.817629010498
246.5050977317739,1167.5989039793249
258.80384610785944,1164.6114975043074
273.77107073929034,1164.1185716243467
288.3425569847226,1160.6798417299985
301.3605835764873,1153.3726469169196
310.75294069749543,1141.812696654244
314.6405699868453,1127.4260232963134
313.28507428033333,1112.5413004684203
308.1845776844533,1098.4752064900392
300.58804181382584,1085.5462575339188
301.11690809150457,1073.3362012833707
308.4188751220703,1060.260287475586
313.4614108942449,1046.1528851099315
314.88668313026426,1031.2875098705294
310.82956577969014,1016.9630004261039
