310.3964837581064,1016.1938847377886
300.28914704155176,1005.2769916631048
286.80656292717896,998.8481524554779
272.11424559780863,996.0070351841831
257.1135297236964,995.6858055667719
245.79307362139224,990.8430529735983
238.51118661651273,977.7493146573964
229.01713019968082,966.1829868208456
216.9550128547009,957.35431368571
202.6566730833554,953.1946855418983
187.89172292188522,955.1940353371224
174.92522236068615,962.5708806849043
164.52275203511235,973.342725514427
156.4934215151872,986.0006590621665
148.19871005228597,995.9566570839853
133.22379637632986,995.3331834230107
118.37359880208967,997.2618952035905
104.40819650274607,1002.6268564881269
92.99097196816,1012.2201318243053
86.381826096258,1025.5485870482692
85.40790157506706,1040.4408537594136
88.92064774304562,1054.9877026080103
95.45566322683042,1068.4643238287383
102.8203505182857,1080.7805224768467
94.65424552803577,1093.3596467735554
88.42664330890892,1106.9797300329913
85.17405809785687,1121.5857598280722
86.53177049597724,1136.4333266474307
93.80730000027542,1149.4191923130886
105.79137582102557,1158.2688204408623
120.0015329658985,1162.9520949840544
134.90099605059802,1164.5004348410876
149.8856260783903,1163.8065150346154
157.30571310520173,1175.4952875077724
165.58679347130746,1187.9807745845467
176.28871923983098,1198.4601875208318
189.5281061966736,1205.3309184057985
204.35624626996213,1206.636054852987
218.4747779053112,1201.8493771350259
230.23912010017665,1192.6213268639126
239.46067630131728,1180.817629010498
246.5050977317739,1167.5989039793249
258.80384610785944,1164.6114975043074
273.77107073929034,1164.1185716243467
288.3425569847226,1160.6798417299985
301.3605835764873,1153.3726469169196
310.75294069749543,1141.812696654244
314.6405699868453,1127.4260232963134
313.28507428033333,1112.5413004684203
308.1845776844533,1098.4752064900392
300.58804181382584,1085.5462575339188
301.11690809150457,1073.3362012833707
308.4188751220703,1060.260287475586
313.4614108942449,1046.1528851099315
314.88668313026426,1031.2875098705294
310.82956577969014,1016.9630004261039
