199.9929322450951,946.6939939350356
191.01744101166403,938.7354207973927
182.03710216742328,930.7954583425075
172.5670331674817,923.4302298244089
162.2912546770065,917.2230027467012
151.2098889533998,912.7017651129514
139.50111284892918,910.0875431966037
127.52986642793985,909.3004091992742
115.58501626984962,910.1546753668543
103.86384868879558,912.6637086144791
92.59794245583889,916.7823083037426
81.99130164244416,922.3761244589609
72.16484232999646,929.2751959743299
63.23282948326086,937.2592529586751
55.19774830557708,946.1763436834361
48.1019983686414,955.8345995724853
41.92629571163768,966.1267140506668
36.68289045996644,976.9241111414944
32.38577100880211,988.1057647268522
29.02981779446727,999.6429044334333
26.660680360328115,1011.3968106490008
25.310706382745412,1023.3145475958709
25.06024906710877,1035.307970561456
26.382134371329812,1047.2212756262247
29.131673226078192,1058.9060178114719
32.96574615931604,1070.2607322966683
37.6457850522911,1081.3023851228327
43.00335070583492,1092.05725445614
48.88507375897575,1102.497790712073
55.22530705039321,1112.6979711897363
61.937513524704855,1122.649926252046
68.9650874774652,1132.3684792328424
76.28119833674282,1141.8882501259448
83.83732231658982,1151.1999223409018
91.61978098310897,1160.3275285879201
99.62078974522524,1169.2903084281759
107.79700619102383,1178.0607333256503
116.15551307685905,1186.6604281892191
124.69863544065993,1195.0965259040622
133.40344456890307,1203.3437879801963
142.29600236790816,1211.4143334867867
151.3708669811797,1219.2765784095113
160.64019085412724,1226.8944675094585
170.14722903711663,1234.218227691972
179.94648886022878,1241.1196418663403
190.2301171356812,1247.297602580488
201.56021332662203,1250.5311788199137
212.51559487861596,1245.7065430687621
222.61828135249425,1239.2483520934018
232.3293452532671,1232.1898531850125
241.75793491157393,1224.7714004296085
250.9608738809824,1217.0857340432706
259.9753264981705,1209.1722759077145
268.81676262664257,1201.0557512159478
277.4898835450881,1192.7521548432953
285.98145694195125,1184.283419245869
294.3090583600853,1175.6317799045921
302.446404631771,1166.8164083567658
310.38654551800937,1157.8302068242815
318.1227404232544,1148.657321708194
325.6308525533585,1139.2932525688757
332.8880864047205,1129.7218204495932
339.843637989366,1119.9523023511017
346.47294891981335,1109.9413515990948
352.69803986136674,1099.7018753848465
358.462960960951,1089.180338804963
363.66075895569736,1078.3590455171136
368.14378901823466,1067.2335637542667
371.7229599498637,1055.7836932156188
374.1280830139999,1044.0343331702702
374.9997842169678,1032.060695219276
374.4460400007665,1020.081137801707
372.8635722189256,1008.2001570586244
370.2876866204419,996.4718721610739
366.7534844882786,985.0143599912526
362.2685253515012,973.8843537710154
356.84176680892506,963.187380876424
350.46404850849507,953.0188636021138
343.14242423599353,943.5227001833033
334.87001702189445,934.835309135914
325.68627619473267,927.1458344193177
315.61644594205023,920.6189129392017
304.78830901646813,915.4590773663773
293.35948730269865,911.816247338888
281.55794526626266,909.7785520255654
269.568060905367,909.4034305702911
257.8083327131346,911.7029168724083
246.53218291107623,915.7660847644249
235.69079114252526,920.8967673413208
225.26872925069182,926.8386110928841
215.29904987942717,933.5198731855126
205.92260744869418,940.9916686162717
199.99410410222046,968.8949827447917
191.03116823220626,960.9215885112411
181.93262187485814,953.1085485381234
172.0707216911949,946.2715869747451
161.21780410128414,941.2309205306067
149.55190662787064,938.4418825815853
137.58654065744483,937.836233824375
125.67447296530008,939.2066820934414
114.16802577728487,942.5487548463173
103.36020376156958,947.728814788509
93.46794054333587,954.5075465981148
84.62365290464768,962.6018602183492
76.87967484880974,971.7499028465525
70.24467846350417,981.7388468552538
64.72218649351525,992.3919181424756
60.32578056815364,1003.5514317460936
57.07648838347232,1015.0910894821368
55.01368597263936,1026.9116692713694
54.208206162211354,1038.8785525588446
55.05251846329193,1050.835238872774
57.68696795801516,1062.5261510674638
61.63173704185001,1073.859704968551
66.53939143026646,1084.8065136367147
72.1867854502052,1095.4070697629827
78.40296592836458,1105.6690600181944
85.08089015616788,1115.631265970483
92.14599685353096,1125.3265350273555
99.54133967217031,1134.7764050311018
107.22839434811831,1144.0016184017009
115.15527949071766,1152.9905817013107
123.32359848481066,1161.779070312817
131.72204178757966,1170.372719220631
140.31707558924307,1178.7436332613668
149.1173821011843,1186.893130310476
158.1405465824064,1194.80945848024
167.3977021366358,1202.4431580886246
176.938015025591,1209.714167342835
186.87804688356482,1216.424391984395
197.62563303182833,1221.7099023842486
208.91778074251488,1218.7927951714025
219.06765145016834,1212.4137565771116
228.7396214935726,1205.307364341962
238.09700695823992,1197.7921076175126
247.2015242109984,1189.9809575230472
256.09319653205654,1181.9151819467913
264.7636226874427,1173.6395653771935
273.2450468474635,1165.137283961967
281.50969910621643,1156.4337130546571
289.5430999134014,1147.530131433377
297.3351261605509,1138.4100581755863
304.86038643327254,1129.0594180940966
312.07330726471844,1119.4727419033015
318.9349384092611,1109.6132231595632
325.35254721595163,1099.4906315396074
331.2571582273189,1089.0319129016925
336.4923516377643,1078.2367681731398
340.86455529136583,1067.0671472379938
344.07847994389175,1055.5197691386425
345.7056448952841,1043.6423801120493
345.47477507165314,1031.6571599610281
343.95437075322405,1019.7419963071369
341.25027757930076,1008.0645370890081
337.3922399607002,996.7052280625004
332.4004340255875,985.8048200358805
326.26239454652097,975.4851894809647
318.98823323206744,965.9504525393597
310.5773795989561,957.404790149197
301.06982976047004,950.1016042524614
290.5839179713905,944.3183856196047
279.28956513666145,940.284031057414
267.5025202815421,938.1572180774996
255.53308049272746,938.1519691103138
243.92667533832136,941.1850864460575
232.89812291737178,945.8791078005568
222.3695091190981,951.6244707987062
212.36247550696135,958.260184315592
203.07784643173218,965.8532238483429
199.99531257596954,991.6960081711716
191.03721025014528,983.7232018351206
181.67983485322475,976.2167583882649
171.17178052872185,970.4822522671311
159.5862017425461,967.4713501706356
147.60836247904226,967.1807225235738
135.83107357930422,969.3807971863062
124.77852813601491,973.9798095762729
114.81837697029113,980.6592137813568
106.18935291535452,988.9671649244032
98.95030509426869,998.5105683427464
93.10250404871621,1008.9927477888953
88.67565928650001,1020.1304976356726
85.6917707650733,1031.7503522666186
84.23166839413952,1043.654362409485
84.60071725196467,1055.6261502020643
87.22500903199398,1067.3226737421357
91.43326460061053,1078.542695308941
96.73747370800247,1089.3028693991582
102.83428422059369,1099.6440498805023
109.52233615705771,1109.5988473496982
116.69217067204715,1119.231094294776
124.24492867528508,1128.5518624725412
132.12900455862982,1137.5916467181407
140.31758384764177,1146.3762463537946
148.77161184978468,1154.8928895881982
157.47904271557363,1163.1334494048047
166.46852210905544,1171.0938773978662
175.75768182388836,1178.7019861152148
185.4235640928715,1185.802717797934
195.7830847277408,1191.837225231051
207.05048871807813,1190.3821570906903
217.13674235073012,1183.8849089844807
226.67033861382552,1176.606183866209
235.86057759418327,1168.8917889589793
244.77673358944884,1160.8449791483
253.42673080699205,1152.5227145235824
261.8091290847824,1143.9460512481294
269.91988529377653,1135.1082214179814
277.7316483736271,1126.0009886299258
285.20448135588015,1116.6031509409113
292.26237343400715,1106.9052542865275
298.82082554688714,1096.8614415925533
304.7419662530557,1086.4229852478657
309.80162919285465,1075.5533519281992
313.66033953775184,1064.1923008331098
315.74252703429664,1052.384380552452
315.5412194090007,1040.4022525422
313.7118227915358,1028.5437270167533
310.4127541178328,1017.0287463922797
305.6727502327472,1006.0051143658667
299.5099498026073,995.7255911953748
291.90675412938145,986.4513663570616
282.88701981687916,978.5483920491301
272.5875710821017,972.4491724300165
261.2686480456776,968.5325985916293
249.38076313482597,967.0202640215867
237.5835299970582,968.795176052302
226.44411170494277,973.2495763207785
215.95342565554603,979.0711151967407
206.18554635427427,986.0197750267573
