199.99531257596954,991.6960081711716
186.47084780589938,979.8303737225899
171.17178052872185,970.4822522671311
153.60299070608016,967.0160609862899
135.83107357930422,969.3807971863062
119.65234212055802,977.0802199773491
106.18935291535452,988.9671649244032
95.84464216805208,1003.6637413472331
88.67565928650001,1020.1304976356726
84.76389474703609,1037.6855201524377
84.60071725196467,1055.6261502020643
89.16976866614877,1072.9991482384169
96.73747370800247,1089.3028693991582
106.12138753364124,1104.678613539471
116.69217067204715,1119.231094294776
128.1504203736782,1133.1082068920136
140.31758384764177,1146.3762463537946
153.0917087788993,1159.046727211463
166.46852210905544,1171.0938773978662
180.534635930068,1182.3327467528566
195.7830847277408,1191.837225231051
212.19101773639267,1187.2778700141353
226.67033861382552,1176.606183866209
240.34879185930185,1164.908302608563
253.42673080699205,1152.5227145235824
265.8984529318226,1139.5615917949167
277.7316483736271,1126.0009886299258
288.79319797219614,1111.7894911482274
298.82082554688714,1096.8614415925533
307.39853064693284,1081.0421653275566
313.66033953775184,1064.1923008331098
315.87725212218294,1046.3973004484526
313.7118227915358,1028.5437270167533
308.2195341974133,1011.4360816641843
299.5099498026073,995.7255911953748
287.567403021529,982.3007687603081
272.5875710821017,972.4491724300165
255.36395159718577,967.4731266098674
237.5835299970582,968.795176052302
221.12939927931876,976.0107075311244
206.18554635427427,986.0197750267573
