200.3019242823124,1080.0017791092396
212.44126303792,1091.888216882944
224.2261420838535,1104.1619639061391
235.6698972712664,1116.7184364286004
246.79161437958248,1129.5736903895508
257.56281671967645,1142.7273170248313
267.9412789892754,1156.1853761750158
277.8869992167643,1169.981287166525
286.5779423340043,1184.575990761617
294.267892607137,1199.7391871438942
301.25851791846276,1215.2374658866918
307.5353436012403,1231.0234769239091
312.99357500946934,1247.1231564014802
317.405345467478,1263.542896360159
320.3638794428669,1280.2665336526932
321.17837556227204,1297.234625756871
320.5775440940273,1314.2342268703653
319.1889264730238,1331.1588783755933
317.02627153012907,1348.0386359808153
314.09309909499717,1364.76506389695
310.352766989177,1381.353600394456
305.7623726694157,1397.7224884213442
300.25267260220824,1413.8044523271847
293.73492184591305,1429.4997722334958
286.0906421950869,1444.687966893192
277.19768015432635,1459.164262801863
266.9135448741628,1472.678043319505
255.09056049328063,1484.8890779220758
241.4459827420302,1494.9771716357006
226.1005015832372,1502.2228418210784
209.56220187321304,1506.0347793255235
192.60823700121836,1506.132801829944
175.9930969635956,1502.6328111722573
160.40019045500082,1495.9546463188922
146.21297006011008,1486.6139533674345
133.68892177391098,1475.1476372698864
122.91723746521309,1462.0052710614345
113.36024569859599,1447.948605881878
105.05999254553734,1433.1119266804274
97.89769241241737,1417.7119034149684
91.75461122065624,1401.8683263570572
86.54959754691225,1385.6716332855285
82.24077003593044,1369.2352506644268
78.78973531683931,1352.591272514078
76.19021902170988,1335.786532996406
74.46163669273955,1318.8740266057314
73.65006110434449,1301.9045537433617
74.20668031015666,1284.9236984033487
77.25492014917981,1268.2212277678439
81.92500747832091,1251.873542568514
87.67219055851602,1235.8806681264468
94.23215731010859,1220.204271423754
101.50316200256347,1204.818592453003
109.6068300139001,1189.8889222432017
118.8275576283753,1175.6097314276449
128.5866016327529,1161.6894620571436
138.8019036680098,1148.1113155815312
149.43169282600593,1134.8348613325957
160.4183529808981,1121.864658181673
171.73414592746394,1109.1900661642069
183.38171418191686,1096.7958488107115
195.35554314964685,1084.7336650823127
207.61317559025372,1072.9424262491727
219.5204632255016,1060.815222733072
231.1071942601964,1048.3681142649177
242.3661551341089,1035.6369138519622
253.28671593036086,1022.6145995669144
263.8348773433212,1009.2946121310972
273.9835550155097,995.6364830097395
283.6423271246716,981.6588883806206
292.75246972856877,967.3058883647263
301.2037563473346,952.5518089424611
308.84975920109315,937.3717570222714
315.4985987620861,921.736783334966
320.89038320657744,905.6253060207589
324.6683778905209,889.053370313015
326.3590780521928,872.1566616579008
325.97035478503466,855.1574201934359
324.63352897723894,838.2153361833305
322.45937702031387,821.3524034842146
319.4782836037514,804.6284686584273
315.68476416657285,788.0543876671503
311.05872630454877,771.6931422237907
305.5627321227919,755.6180663747132
299.12758909501133,739.8836141129025
291.6757819260116,724.6023821464433
283.1168690300932,709.9245686300669
273.33373788257984,696.0223379970945
262.2306304812572,683.1607997629288
249.73388159573076,671.6612776495517
235.6235451388173,662.2096226173686
219.8465217707795,655.9852098346195
203.06923623681064,653.5021148070693
186.16015350242523,654.9278355888524
169.9842683722614,660.0591993975133
155.2265361122787,668.4320308374241
142.31179584688968,679.4513811172986
130.89882846479048,692.0478525024979
120.83792415950447,705.7298920520582
111.98459540990729,720.243533055932
104.23587781942915,735.3624457437429
97.47987971143398,750.9636703260271
91.64096224568603,766.9386951507402
86.66867797500272,783.1892904804188
82.52244974679338,799.6672762064652
79.18583553230854,816.3382331378409
76.6718430870911,833.1539058314986
75.02226161193103,850.0600126328878
74.31558913905718,867.053112338756
75.27993875497286,884.0051103542294
78.48326019262167,900.6957256973922
83.43133463914255,916.9560307100653
89.72642328903184,932.7259124221664
97.09939981421194,948.0578679187481
105.3147303242511,962.9267852873397
114.23208816154947,977.3953833128046
123.73690022826196,991.4947196885944
133.73717634368205,1005.2446334069455
144.16311361828122,1018.6636899496109
154.97800021624045,1031.7859307303024
166.14028484361626,1044.6151558103495
177.6190971569411,1057.1452820664304
189.4209222545731,1069.374803837188
200.4022625207901,1080.0021266937256
212.4771140597004,1091.9525469080545
224.23568765998428,1104.2370757804601
235.71485115012254,1116.774573627219
246.92127355875564,1129.5540612726472
257.8481145750622,1142.5782624035492
268.4716341236082,1155.846705820877
278.7700463076697,1169.3751474209712
288.7026972932428,1183.1690003254334
297.80911887054094,1197.510006485798
305.7871679607735,1212.5308066563957
313.1201357770189,1227.866104907912
319.885241825007,1243.4604239104883
326.0597513735294,1259.303655475378
331.5558325072334,1275.3773935267159
336.2419884917528,1291.7174735408162
339.8847306477322,1308.3188024474853
342.10540538915683,1325.1694908166564
342.436552527218,1342.161256796451
341.8068091913665,1359.147420734384
340.5265574877098,1376.106346454504
338.61307769513354,1392.9875180041927
336.0615424722391,1409.8047557719215
332.86361958972975,1426.495785564251
328.99114284724936,1443.046495423727
324.4079952275919,1459.4119426080333
319.06547651785223,1475.5404405101976
312.89015633404637,1491.3949016358138
305.82006202810754,1506.8521488127767
297.7645469468198,1521.808426965135
288.6157894889664,1536.1301920363287
278.2727699185158,1549.61624066909
266.63342781374087,1562.0061320446025
253.43508000373842,1572.6938459396363
238.71297007827087,1581.126897605136
222.71885984903201,1586.8195567194375
205.93834685256007,1589.4009954597334
188.97613328895005,1588.7539921244527
172.41069115996362,1585.0254793405534
156.71568273149407,1578.5482425123473
142.20370418817475,1569.7293227369723
129.0570705723294,1558.9707228455982
117.3682779248222,1546.6351064770017
107.09264773083852,1533.0984592794441
97.79212721189597,1518.872141324308
89.55000958193123,1504.0078180457133
82.26753716933312,1488.6527955103363
75.86239262226302,1472.9144564169706
70.26412665657003,1456.8567255354378
65.43050829378139,1440.5580107908438
61.32733068093859,1424.0699903184925
57.928775075801255,1407.4090455807702
55.23225198352013,1390.627267233061
53.24281069983937,1373.7405768995234
51.98559173941614,1356.8002769172192
51.50030073804284,1339.7986289056046
52.449050708801416,1322.8432121557407
55.50404975637795,1306.1321991257373
59.93091232156005,1289.7186871960919
65.3243815783106,1273.5880306124907
71.45160257387053,1257.7355119051404
78.19038267525522,1242.135186252865
85.49551128997702,1226.7911930036382
93.51108144624159,1211.7852633520029
102.55128816838844,1197.3949991483823
112.06536169052124,1183.3038326740266
121.98057815578359,1169.50963819124
132.26629824423108,1155.976657639353
142.88236364515143,1142.6993702100206
153.8001127395517,1129.6704911771128
165.0047130227089,1116.8799082934856
176.47449412329587,1104.3414591963287
188.23309969399125,1092.0472843329421
200.31384982317687,1080.081246177107
212.38664031992445,1068.1335499669156
224.14923569956372,1055.8434528854998
235.62702944237128,1043.306311711481
246.8340221347113,1030.5255830049675
257.7642618148194,1017.4972847924563
268.38696229984987,1004.2304838278246
278.67701037967925,990.7148016491919
288.6151202927118,976.916232404574
298.14185098635426,962.8388978354911
307.2072201598404,948.4550840706698
315.73260964292206,933.7561671636179
323.6379345193137,918.7010654017544
330.79727919618597,903.2849288129364
337.06353572174555,887.4829043380669
342.2379660581496,871.297985049049
346.07053891807743,854.7457408778422
348.2456508955416,837.8813776760284
348.46340417246904,820.8961339871805
347.6050621164937,803.9181605416446
346.0351162766397,786.9842271462796
343.78855037689215,770.1351993083954
340.8798584130687,753.394398695218
337.3063806724655,736.780710476349
333.05142140189815,720.3185370096984
328.09253057547545,704.0613237923599
322.3900399147584,688.0481327911132
315.89630773944657,672.341222324265
308.55113568700517,657.0145559850197
300.28092051696154,642.1589710439222
291.0159942190054,627.9137774401863
280.6679489626491,614.4266128047414
269.16820594271485,601.9061071827712
256.4808099848465,590.607092845192
242.3636069705652,581.1758960686595
226.76031765180159,574.4892414575862
210.16956682728488,570.9711165790534
193.19976509628472,570.8256908999087
176.5283389287535,574.0056518168423
160.73299203715288,580.247521440941
146.26435114738416,589.1551905200672
133.4307867893511,600.2633952901584
121.89501656368176,612.7457309607163
111.51830350356813,626.2008270276674
102.20704907939346,640.4130906344443
93.86388987035374,655.2296197438759
86.41954961795129,670.5037743223367
79.79088293252282,686.1706579671709
73.93439597652997,702.1298135251194
68.80591577358277,718.3231216193386
64.36684468393852,734.7323044221813
60.603107153049514,751.3119251882483
57.511166363247355,768.0280796776477
55.10153484200947,784.8512350147278
53.4014735833147,801.761269881903
52.46282074307256,818.7323193886442
52.50968001079892,835.736031828601
54.432231067400444,852.6084837983364
58.06660477343922,869.2276258222666
63.073123220687904,885.4508915537184
69.20446761525966,901.3032445692023
76.2581728424164,916.780281595896
84.07255216443883,931.8849825131867
92.51671501228424,946.6226717770736
101.5200674193984,961.0558360893934
110.99057389475723,975.1744557060159
120.86442787565993,988.9913011725623
131.12461013993982,1002.5621993647667
141.7023818798365,1015.8567813279706
152.59608562082286,1028.9181284634979
163.76969131827354,1041.732153123617
175.2092362124764,1054.2965146869553
186.93003678514367,1066.614737936206
198.95708812534576,1078.621652226278
200.50266474485397,1080.002465134859
212.70495084162286,1091.8353072616708
224.62110916045532,1103.9653474425438
236.28686426877977,1116.312065201998
247.7348238561517,1128.8859558627564
258.94039005751256,1141.660177561862
269.9120150049473,1154.6577128346491
280.6193962834077,1167.8664097326691
291.04579140130045,1181.2980680076953
301.15612395265816,1194.9494078023554
310.84520034655486,1208.9221759861414
319.3599687528913,1223.6207043137867
327.1930381117154,1238.7248564669271
334.5002714090171,1254.0762349279034
341.3109500566046,1269.6403238344064
347.6103827104365,1285.425910747115
353.33928754093483,1301.4336998628385
358.3987703225897,1317.6622550719424
362.64221880173625,1334.1149561458462
365.85153244064236,1350.8125596059922
367.67283403044667,1367.7100163932976
367.810667350678,1384.7027946369744
367.18914154550237,1401.6908487842743
365.9951229870465,1418.6564907913173
364.244790875403,1435.5517577494822
361.9381320379674,1452.39368326962
359.0691293063019,1469.1581339274744
355.62661117156966,1485.8085142601283
351.59251687859773,1502.3097881435726
346.93148056339066,1518.6587440745723
341.60678139559695,1534.8133743843464
335.57980194368076,1550.708468263084
328.79881798445274,1566.2856652171758
321.1950610505585,1581.4881243932316
312.7037830206682,1596.2123869133648
303.25231341640284,1610.3380119110197
292.76947464304936,1623.712997450671
281.20326137088125,1636.164508407233
268.33278005530343,1647.2633759448793
254.12458561733362,1656.583714185655
238.73283871684268,1663.7625470750495
222.42697915947917,1668.491223351905
205.57632807090198,1670.5722252061744
188.60851668976954,1669.9576742294655
171.93347399990722,1666.7496759631442
155.89470382311026,1661.1590947625361
140.74331677680578,1653.4492284808862
126.68169453529785,1643.9171363401335
113.80634129737734,1632.827569895028
102.18484155292387,1620.433355329395
91.79664280055114,1606.9851013886027
82.18890337813897,1592.9554720649962
73.52226261990543,1578.34070852347
65.71583024021236,1563.2529962648637
58.694732897250994,1547.7618036597692
52.41899168575289,1531.9684708987895
46.83429214047389,1515.902692948665
41.91637193411586,1499.6379304625093
37.63091879328019,1483.1801621609097
33.96914920864762,1466.5884761945958
30.91679505332101,1449.8591706686843
28.480882145464392,1433.0492169432341
26.66656654231376,1416.1436289617359
25.497972783899442,1399.1806527495933
25.00930017823518,1382.1810774489998
25.68634792796508,1365.2034851417382
28.336487795556213,1348.4184777352152
32.34924845760394,1331.9050151527597
37.335527498481646,1315.6614121271268
43.067724703022,1299.6668662846084
49.41131319577068,1283.8934747285991
56.28593732763545,1268.3328547387616
63.64546047875189,1253.026863924763
71.58479027006831,1237.9751533949427
80.4404858718968,1223.4806414384136
89.82308734146426,1209.3028801686455
99.588430780679,1195.3783515974465
109.67996675213216,1181.717596856576
120.0949978925353,1168.2696651190445
130.7913580876833,1155.0472376302105
141.7429267967178,1142.0490323913268
152.93826530035003,1129.2645328785306
164.37082014051265,1116.6878085789153
176.03376543452615,1104.3261386291458
187.9491855174303,1092.1800866000353
200.13318509161473,1080.3415540717542
212.34835233295166,1068.5153794788473
224.27231336323325,1056.3879896851067
235.94408676719286,1044.0447534797813
247.3918795551824,1031.4813886914624
258.613551362506,1018.699961223224
269.5844860653591,1005.7156166847031
280.29731229838194,992.5144602687527
290.7290003188539,979.0924648448034
300.85397371155454,965.4403463066393
310.6422595762415,951.5446582992445
320.0565451393686,937.3900993239154
329.05235671776495,922.956682996673
337.56537202745676,908.2376661099493
345.5218368811602,893.2207259663655
352.83858895751496,877.8785984276251
359.39917124014755,862.2089686945998
365.0746470386223,846.1762123235962
369.6792912910531,829.8137968394062
372.99888883080143,813.1530512208928
374.77832584087434,796.2505343912619
374.8302010950365,779.259648422482
373.996895972325,762.2846963576856
372.53302818140236,745.3378592454167
370.47046763077384,728.4682722680271
367.8242885135895,711.6831280643758
364.59738363879563,694.9920434303025
360.7838682954674,678.4139202716467
356.3778504426591,662.0006349653937
351.3556997642562,645.7643261616888
345.68925170790027,629.7377504902732
339.3414327931081,613.9583276805104
332.2826832553763,598.5059273578207
324.4522623309813,583.4162742989998
315.8060714663932,568.7890460244971
306.2739874281267,554.7043780564962
295.8096055782114,541.3043138620369
284.3649219716235,528.7412275174125
271.9038126883519,517.1896372466915
258.3595170608416,506.9259184034658
243.4960107259452,498.71850045323373
227.5240764417447,492.96986396309075
210.81553886241943,489.928251663853
193.82767215112543,489.71229589577996
177.0565580698743,492.28623025378766
160.8964166201651,497.49517707228654
145.70820119245744,505.0968212854889
131.75326037936918,514.807869410752
119.19316582903265,526.2488185636699
107.66278811065936,538.7346946212434
97.12185294999507,552.0654827089398
87.51139443869614,566.0701248053651
78.7504439013052,580.6432398278777
70.79405233031301,595.6566688836954
63.571462661642165,611.0622015125186
57.052469658572214,626.7626090855338
51.197876344923,642.7035556531356
45.965964299310855,658.8747691760116
41.337584968281035,675.237432954828
37.3014850438907,691.7543968047991
33.850973512301955,708.40493398217
30.99002443253847,725.1633548873638
28.731509184273598,742.0120470703118
27.10230544554068,758.9180718638935
26.14156240135051,775.8923600991301
25.98099033933829,792.8925163191394
27.434063524575418,809.8291730230306
30.4816887808687,826.544148492963
34.859294279965965,842.9658460601422
40.34481110159273,859.0605763979345
46.751497425018314,874.8054746713734
53.9343561580222,890.210274471824
61.777317843473604,905.2891639698237
70.18675523559966,920.0575831517796
79.09296972369386,934.5408503325216
88.43059944530502,948.7469916574619
98.1550430395946,962.6979885898982
108.21403587318449,976.3907228802013
118.58793230093254,989.8554119685939
129.24831854125262,1003.099061167456
140.16590184882972,1016.1197730695674
151.33615355012208,1028.9369118861855
162.74085907888366,1041.5441712495522
174.3741316832602,1053.9377642981708
186.24715535421723,1066.1110459405256
198.38775607679273,1078.010609279468
