200.3019242823124,1080.0017791092396
213.1442387450137,1092.6017513853615
225.5795686725609,1105.6136908561793
237.66017782131695,1118.9695186965978
249.36119470985284,1132.644440314146
260.65540837956667,1146.649864748437
271.5090188137199,1161.0215418484813
281.657569000918,1175.8854206726303
290.29360629483267,1191.6731154330423
298.050842317047,1207.899669163178
305.042088706208,1224.4882863359685
311.1752992596777,1241.4143592765772
316.2342411331696,1258.6741554397145
319.83131901959115,1276.3146975473226
321.1989406479999,1294.2464274497847
320.6900338910902,1312.2344534921137
319.29105646428064,1330.1739121051055
317.02627153012907,1348.0386359808153
313.89565212915187,1365.7460013116363
309.85787825985574,1383.292266014511
304.85778198768674,1400.5879745217346
298.8158755438402,1417.5305895966478
291.6105634225227,1434.0239561652077
283.10587236069034,1449.8828931488697
273.13592476643714,1464.8674071907674
261.55931217278123,1478.621397956776
248.0940339452587,1490.544364933748
232.5899391882471,1499.6307668169404
215.486457860528,1505.1086142916938
197.5891288666986,1506.489007953796
179.8403557290323,1503.7637560588805
163.05909853250486,1497.3418889232196
147.7900272302446,1487.8263268254047
134.37174171590013,1475.8664494135517
122.91723746521309,1462.0052710614345
112.83666539668337,1447.0923665409325
104.16643941018428,1431.3376566906452
96.73778268727781,1414.9343258050073
90.44527054416739,1398.0785391526385
85.19535066521492,1380.8744922160754
80.92723440380522,1363.3894856058257
77.6166008629254,1345.6939964381163
75.26695388371974,1327.8456405469879
73.91357223396862,1309.8946102652376
73.65961508304608,1291.907171339284
75.95438769986649,1274.0684876172556
80.41998708675382,1256.651376640948
86.24076990733883,1239.6117946875383
93.02643046679677,1222.9387570720587
100.6084374427015,1206.6171230090654
109.08801300302147,1190.7399124316873
118.8275576283753,1175.6097314276449
129.1754348119326,1160.88161691211
140.0333300624543,1146.5321891110866
151.34673326782558,1132.5227326653253
163.05129948790363,1118.8568432441991
175.1254490086003,1105.5151280501107
187.565263439437,1092.5002848056247
200.41552128046752,1079.8926701053977
213.2610819668742,1067.276027387404
225.68547226831257,1054.2718771590908
237.77143065621965,1040.9122407410384
249.47108727311164,1027.246396650672
260.77614555970297,1013.2406147124984
271.62939671729964,998.8888433449943
281.97511451744214,984.1519512759542
291.7132259921371,969.0135502937756
300.72979024741795,953.42664057035
308.84975920109315,937.3717570222714
315.85217512247505,920.805932962694
321.42761395407683,903.6951316276693
325.134052181614,886.084845047049
326.3904396364989,868.1569039414593
325.6662625618912,850.1584560847963
323.95917078778507,832.2475602158598
321.3300961320753,814.453722107492
317.7916078892442,796.7911901857266
313.3420496131418,779.36404627394
307.93365944049515,762.195624383038
301.5063859998388,745.3816472013449
293.9745342449248,729.0345862631088
285.2319886854791,713.308626063254
275.14628280331306,698.3986899774193
263.60063288437885,684.6019521065289
250.5052705030459,672.2910887939174
235.6235451388173,662.2096226173686
218.88103942871092,655.7325355529786
201.05704165920613,653.467681809701
183.23051800569516,655.5746771339561
166.36141727558567,661.7592857077922
151.22278182647423,671.4323074545915
138.13013810359698,683.7424508864017
126.59978447707834,697.5681172421785
116.52746967347156,712.4718476112799
107.74861921165139,728.1888076075353
100.14611155119023,744.4906384209575
93.60238460045316,761.2592482114109
88.04576831553099,778.3782437875857
83.42388756556028,795.7762978047264
79.71742788553237,813.3743523180485
76.92378681715962,831.1702068758498
75.09429707218186,849.0623354773705
74.31558913905718,867.053112338756
75.41084761449547,884.9915324927701
78.98099190443901,902.6234493248824
84.45118984738365,919.7675124214263
91.37483169131592,936.3761404576496
99.4290677351726,952.4642716316193
108.38703413183593,968.0750313235137
118.08132804654159,983.24580842096
128.38654688936893,998.0084859766321
139.20312395713137,1012.3834123671813
150.4788478624003,1026.4160506411888
162.15391226410867,1040.1102265909315
174.21183198919317,1053.4923259798586
186.6210377938449,1066.5334036038269
199.4281144320965,1079.1821935400367
